78,70,3,139,152,2,90,77 1
90,67,4,155,117,90,101,82 1
266,115,0,2,516,167,275,220 1
261,42,2,3,518,170,280,220 1
290,112,0,2,530,155,291,223 1
288,112,0,2,526,150,287,222 1
258,119,0,3,487,117,266,222 1
0,2,0,2,482,115,267,222 1
258,432,1,3,479,113,267,221 1
0,2,0,2,494,0,266,218 1
266,443,0,3,491,0,265,217 1
263,444,0,2,487,0,262,217 1
254,463,0,3,487,0,259,218 1
257,463,0,3,465,142,257,222 1
236,26,0,2,471,144,255,220 1
240,63,1,3,472,142,247,215 1
0,2,0,2,474,157,244,212 1
242,405,0,2,469,149,243,210 1
254,376,0,3,472,0,243,170 1
245,354,0,2,453,0,238,167 1
232,345,0,3,436,0,232,161 1
241,96,1,3,417,0,226,159 1
224,334,0,2,407,0,221,163 1
229,343,0,2,406,0,220,163 1
238,86,0,3,404,0,221,161 1
233,87,0,2,404,1,219,161 1
27,130,0,2,104,138,41,80 1
60,130,0,2,122,181,49,90 1
0,2,0,2,122,182,48,89 1
231,87,0,2,420,0,220,161 1
238,101,0,2,432,0,224,163 1
255,331,1,3,465,0,238,161 1
251,331,0,2,479,0,244,160 1
236,330,0,3,474,0,243,159 1
239,331,0,3,475,0,241,160 1
241,331,0,3,477,0,242,160 1
239,331,0,3,475,0,243,159 1
0,0,0,0,0,0,0,0 1
0,0,0,0,0,0,0,0 1
0,0,0,0,0,0,0,0 1
0,0,0,0,0,0,0,0 1
0,0,0,0,0,0,0,0 1
0,0,0,0,0,0,0,0 1
0,0,0,0,0,0,0,0 1
184,58,0,64,395,153,202,171 1
0,0,0,0,0,0,0,0 1
0,0,0,0,0,0,0,0 1
0,0,0,0,0,0,0,0 1
0,0,0,0,0,0,0,0 1
0,0,0,0,0,0,0,0 1
0,0,0,0,0,0,0,0 1
0,0,0,0,0,0,0,0 1
0,0,0,0,0,0,0,0 0
0,0,0,0,0,0,0,0 0
126,335,16,376,259,388,142,205 0
118,335,18,295,247,146,134,202 0
131,337,3,144,233,88,133,203 0
114,60,17,295,241,94,132,202 0
117,60,6,144,244,93,135,203 0
117,338,3,144,231,85,133,203 0
115,60,17,295,240,93,134,204 0
112,60,17,295,240,96,131,204 0
115,336,17,295,239,95,131,204 0
118,336,4,145,231,363,134,204 0
118,337,4,144,229,85,134,203 0
125,336,20,295,244,95,135,203 0
132,336,18,295,231,85,133,203 0
134,337,6,144,248,155,135,203 0
130,337,18,294,229,85,132,203 0
130,337,17,295,237,92,131,203 0
128,337,16,294,238,111,130,203 0
130,337,4,146,229,84,132,202 0
131,337,3,144,237,93,131,203 0
127,337,19,295,229,86,131,203 0
119,337,16,343,228,87,129,203 0
142,338,17,295,237,93,131,203 0
114,338,16,296,231,331,130,205 0
144,339,11,306,228,86,131,204 0
0,0,0,0,0,0,0,0 0
94,2,5,145,230,85,133,204 0
95,2,6,145,232,87,133,203 0
131,337,14,300,237,105,129,204 0
142,336,1,145,224,83,130,208 0
132,343,3,144,235,85,138,213 0
117,2,4,145,232,0,142,217 0
147,49,3,145,237,0,144,222 0
102,356,18,356,180,0,90,233 0
84,53,3,291,147,91,92,225 0
55,74,21,120,165,0,74,223 0
108,398,14,373,210,0,103,231 0
146,415,4,144,260,0,153,239 0
140,82,18,144,268,0,158,242 0
118,2,0,207,274,453,150,241 0
0,0,0,0,0,0,0,0 0
115,384,22,119,245,421,131,248 0
118,415,21,123,243,417,132,246 0
82,2,1,280,241,415,131,227 0
119,378,17,147,241,411,135,242 0
93,2,17,150,245,405,136,221 0
125,377,1,229,252,404,142,219 0
0,0,0,0,0,0,0,0 0
0,0,0,0,0,0,0,0 0
128,381,0,208,248,415,145,225 0
132,382,1,209,252,417,149,222 0
0,0,0,0,0,0,0,0 0
113,2,1,211,256,415,150,230 0
170,107,1,211,254,417,151,222 0
0,0,0,0,0,0,0,0 0
114,2,1,211,254,419,151,224 0
0,0,0,0,0,0,0,0 0
140,412,0,201,248,419,142,242 0
102,2,0,208,250,420,144,224 0
0,0,0,0,0,0,0,0 0
140,412,0,205,252,421,144,243 0
127,403,0,210,252,425,146,227 0
105,2,0,205,250,427,147,243 0
106,2,0,209,254,426,148,243 0
137,114,0,209,254,427,148,226 0
135,114,0,208,254,429,149,242 0
134,116,0,208,254,429,148,242 0
114,114,13,119,216,0,124,243 0
124,114,15,118,231,437,124,243 0
100,399,17,120,224,453,118,236 0
0,0,0,0,0,0,0,0 0
0,0,0,0,0,0,0,0 0
0,0,0,0,0,0,0,0 0
126,111,4,144,205,0,108,242 0
132,115,5,144,208,477,115,238 0
111,118,5,145,216,476,123,232 0
100,419,0,137,195,477,105,231 0
116,73,1,144,214,477,128,231 0
128,67,4,144,218,0,137,231 0
131,64,1,145,250,316,140,235 0
125,80,1,144,278,326,144,237 0
143,380,1,145,264,124,142,243 0
92,2,2,144,266,349,139,244 0
147,381,1,144,259,144,131,243 0
72,2,1,145,259,160,126,241 0
0,0,0,0,0,0,0,0 0
125,382,1,144,262,173,128,244 0
0,0,0,0,0,0,0,0 0
0,0,0,0,0,0,0,0 0
72,2,4,144,247,103,133,243 0
114,372,1,145,260,144,130,242 0
71,2,1,145,265,168,130,244 0
76,2,5,145,265,145,135,244 0
74,2,3,145,263,146,133,244 0
133,372,5,145,274,189,135,244 0
134,372,1,145,263,160,131,241 0
140,399,1,144,263,162,131,243 0
149,377,5,144,274,191,135,243 0
75,2,1,145,263,147,132,243 0
79,2,5,145,271,167,136,243 0
153,382,5,144,276,192,137,244 0
136,384,5,145,266,145,136,243 0
46,119,5,145,270,164,137,243 0
154,385,5,145,267,145,137,243 0
138,426,1,145,266,165,133,245 0
143,379,1,144,268,166,133,244 0
130,417,1,144,265,154,133,244 0
83,2,6,144,277,187,139,244 0
78,2,1,144,268,168,134,241 0
77,2,1,145,269,167,134,245 0
124,394,5,145,273,167,138,245 0
129,372,1,145,238,93,134,242 0
80,2,4,144,253,103,137,244 0
155,399,6,144,270,156,139,244 0
147,381,5,144,270,158,138,244 0
81,2,5,144,268,144,137,244 0
80,2,4,144,268,148,137,243 0
80,2,4,144,270,161,137,244 0
81,2,6,144,277,187,139,244 0
144,381,5,145,273,171,137,243 0
76,2,2,144,267,161,134,244 0
121,400,4,144,271,167,135,242 0
74,2,1,144,265,165,132,244 0
73,2,1,144,241,100,131,243 0
77,2,4,145,268,170,133,244 0
77,2,5,145,267,161,134,244 0
153,387,5,145,270,175,134,242 0
136,374,1,145,263,163,130,244 0
117,371,5,145,247,102,133,242 0
130,422,1,144,241,101,129,244 0
150,401,5,144,241,98,133,243 0
136,388,1,144,268,191,129,243 0
130,369,1,144,263,168,129,241 0
150,421,5,144,262,144,132,242 0
69,2,2,144,262,161,129,242 0
143,395,5,144,262,148,132,241 0
131,418,4,145,262,153,131,243 0
124,119,1,144,248,77,141,221 0
143,304,5,144,256,132,140,220 0
88,2,1,145,247,111,137,192 0
138,302,1,144,247,111,137,220 0
129,302,5,145,251,111,141,221 0
123,301,5,145,260,144,141,219 0
119,301,1,145,248,111,136,221 0
118,301,1,144,249,112,136,220 0
90,2,1,144,249,112,137,222 0
130,302,6,144,254,112,142,222 0
129,302,1,237,232,63,143,193 0
128,86,1,144,245,85,137,220 0
128,86,1,144,247,92,136,222 0
150,317,1,145,226,61,136,221 0
158,367,6,145,259,131,141,219 0
132,86,5,145,253,113,140,219 0
140,301,1,145,242,73,138,198 0
91,2,1,144,248,112,138,191 0
128,86,1,145,249,113,137,221 0
112,413,0,207,266,188,130,243 0
0,0,0,0,0,0,0,0 0
0,0,0,0,0,0,0,0 0
0,0,0,0,0,0,0,0 0
0,0,0,0,0,0,0,0 0
0,0,0,0,0,0,0,0 0
85,2,0,210,273,157,141,247 0
61,2,19,430,244,157,117,249 0
124,384,0,210,283,204,140,247 0
0,0,0,0,0,0,0,0 0
0,0,0,0,0,0,0,0 0
0,0,0,0,0,0,0,0 0
0,0,0,0,0,0,0,0 0
0,0,0,0,0,0,0,0 0
0,0,0,0,0,0,0,0 0
0,0,0,0,0,0,0,0 0
145,450,0,204,260,119,138,248 0
128,412,8,145,249,155,119,248 0
0,0,0,0,0,0,0,0 0
0,0,0,0,0,0,0,0 0
130,441,0,207,269,164,139,248 0
0,0,0,0,0,0,0,0 0
0,0,0,0,0,0,0,0 0
0,0,0,0,0,0,0,0 0
0,0,0,0,0,0,0,0 0
0,0,0,0,0,0,0,0 0
0,0,0,0,0,0,0,0 0
0,0,0,0,0,0,0,0 0
0,0,0,0,0,0,0,0 0
0,0,0,0,0,0,0,0 0
0,0,0,0,0,0,0,0 0
0,0,0,0,0,0,0,0 0
0,0,0,0,0,0,0,0 0
55,2,5,144,243,106,127,247 0
0,0,0,0,0,0,0,0 0
0,0,0,0,0,0,0,0 0
0,0,0,0,0,0,0,0 0
133,410,14,434,261,137,130,251 0
68,5,3,206,301,233,148,257 0
136,456,0,235,306,242,152,259 0
162,12,0,234,301,247,144,258 0
157,476,15,186,303,253,144,260 0
0,0,0,0,0,0,0,0 0
39,12,1,84,106,30,44,40 0
39,12,1,84,111,20,46,39 0
39,13,1,86,110,25,44,40 0
25,13,2,84,105,21,44,39 0
32,74,1,84,106,18,46,38 0
36,14,1,85,107,20,46,40 0
57,0,2,82,98,17,42,38 0
33,72,3,86,108,35,44,40 0
60,0,1,82,104,26,43,38 0
23,12,1,82,106,28,43,38 0
39,11,2,85,106,28,44,40 0
60,0,1,82,105,28,43,38 1
39,12,1,86,106,33,44,40 1
239,476,7,3,467,121,238,209 1
239,476,8,2,434,3,238,209 1
231,477,17,3,435,1,238,208 1
230,476,19,2,436,0,237,209 1
251,418,16,2,430,0,235,207 1
241,448,16,2,430,0,234,206 1
248,412,15,3,431,0,233,207 1
246,412,11,5,456,88,232,207 1
243,444,12,2,434,1,232,207 1
241,443,12,3,434,1,232,206 1
12,2,12,2,364,105,212,221 1
11,2,11,2,362,105,211,220 1
218,476,11,2,362,105,211,221 1
226,476,11,2,362,105,211,220 1
245,461,11,2,454,94,232,204 1
240,444,11,4,427,0,232,206 1
246,446,12,2,427,0,232,207 1
226,476,11,4,447,53,232,206 1
12,2,12,2,361,103,210,219 1
240,445,11,2,427,0,230,205 1
222,444,13,2,362,105,212,219 1
222,427,10,4,429,0,232,204 1
244,427,9,3,427,0,231,204 1
210,422,9,3,358,105,208,216 1
188,400,9,2,360,106,207,216 1
205,428,10,2,354,105,206,218 1
208,474,9,3,353,103,205,216 1
218,476,9,4,354,104,206,219 1
218,476,11,2,354,104,206,219 1
216,473,10,2,353,103,205,217 1
224,408,10,2,351,103,205,217 1
241,404,7,2,425,1,222,203 1
207,464,7,3,421,0,219,203 1
192,448,7,2,338,100,195,220 1
210,408,8,2,424,0,216,204 1
221,409,6,4,425,0,216,206 1
221,411,4,4,427,0,216,204 1
223,412,3,3,430,0,216,205 1
233,423,2,2,431,0,217,205 1
223,412,0,2,430,0,218,206 1
229,412,0,2,430,0,218,203 1
224,412,0,2,430,0,218,206 1
221,410,0,2,430,0,219,207 1
233,419,0,3,430,0,219,206 1
235,419,0,3,430,1,218,204 1
222,412,0,2,430,0,218,205 1
206,465,1,2,431,1,219,206 1
235,419,0,3,432,0,219,206 1
205,448,0,3,431,0,219,206 1
227,412,1,3,433,0,220,206 1
222,408,0,2,430,0,218,206 1
223,412,2,3,430,0,218,206 1
232,419,1,3,431,0,218,202 1
225,431,0,2,432,0,218,203 1
224,412,2,3,430,0,219,193 1
229,418,0,2,428,1,216,204 1
230,419,1,2,423,0,215,202 1
230,419,1,3,416,0,215,204 1
197,404,2,2,414,0,216,206 1
218,477,1,3,417,1,217,206 1
213,448,0,2,420,0,218,206 1
233,420,0,2,423,0,218,206 1
213,448,2,2,422,0,218,207 1
233,419,2,3,424,0,218,206 1
223,412,2,3,425,0,219,205 1
233,419,2,2,425,0,219,206 1
206,476,3,2,344,105,200,221 1
201,427,14,5,347,106,203,220 1
241,455,19,3,433,0,230,207 1
253,426,3,81,442,0,242,212 1
247,420,1,129,452,0,246,212 1
216,430,0,168,446,125,231,205 1
242,454,0,159,444,129,231,207 1
225,424,0,156,444,132,231,208 1
225,452,0,149,441,138,230,206 1
167,3,0,148,438,149,229,209 1
226,456,1,134,435,140,229,208 1
241,431,0,137,432,148,228,208 1
181,2,0,142,432,149,229,199 1
224,437,0,135,431,150,227,206 1
219,426,0,137,431,149,227,208 1
243,427,0,133,435,155,228,207 1
0,0,0,0,0,0,0,0 1
241,429,0,137,436,156,229,208 1
239,432,0,137,438,159,229,208 1
223,462,0,142,440,162,229,206 1
0,0,0,0,0,0,0,0 1
240,432,0,146,439,164,229,207 1
216,434,0,145,442,171,229,209 1
224,452,0,139,443,173,229,207 1
175,2,0,141,443,173,230,198 1
247,426,0,141,444,175,229,209 1
230,477,0,146,444,178,229,210 1
244,465,0,156,449,184,232,209 1
251,428,0,160,450,180,233,203 1
220,437,0,167,450,181,232,197 1
232,441,1,184,446,186,225,206 1
0,0,0,0,0,0,0,0 1
198,432,1,246,393,273,196,229 1
167,442,1,281,337,311,172,240 1
147,431,8,292,300,315,154,239 1
122,430,5,296,287,302,141,240 1
141,1,1,238,308,293,151,240 0
129,1,5,296,293,297,141,239 1
222,401,0,2,435,0,241,204 1
231,407,0,2,398,0,243,191 1
215,474,1,3,372,0,219,206 1
225,405,1,2,391,0,239,187 1
247,476,0,2,403,0,250,206 1
272,412,1,2,408,0,255,207 1
244,467,0,2,408,0,255,206 1
264,409,0,2,428,0,249,206 1
254,412,0,2,435,0,239,202 1
243,431,0,2,429,0,228,203 1
213,430,2,2,429,0,222,203 1
203,401,1,2,433,0,222,204 1
246,429,1,2,452,0,230,201 1
239,418,0,3,451,0,232,200 1
245,412,0,2,451,0,234,202 1
246,412,1,2,451,0,236,204 1
214,410,3,3,430,0,224,202 1
223,442,3,3,428,0,226,203 1
218,410,0,2,428,1,228,192 1
219,408,2,3,422,0,226,205 1
216,410,1,2,421,0,224,205 1
235,412,0,2,424,0,226,203 1
228,423,1,2,422,0,226,206 1
237,429,0,2,422,0,225,194 1
244,402,2,2,420,0,225,205 1
229,431,2,2,412,0,222,204 1
227,433,4,2,403,0,218,200 1
209,408,4,3,400,0,216,203 1
212,408,5,3,403,0,217,206 1
215,402,4,2,410,0,220,205 1
236,398,3,2,415,0,222,205 1
238,398,2,2,419,0,223,206 1
208,476,3,2,423,0,221,206 1
235,431,4,3,420,0,219,204 1
201,402,3,2,422,0,220,206 1
239,431,0,2,422,0,223,205 1
211,450,2,3,420,0,221,206 1
215,450,10,3,411,0,215,206 1
207,402,16,2,403,0,213,205 1
211,432,20,2,395,0,210,193 1
210,433,21,2,397,1,208,204 1
215,424,18,3,386,0,205,205 0
204,400,16,2,384,0,206,189 1
223,428,16,3,384,0,206,208 0
215,469,20,2,446,77,222,204 1
210,98,18,2,442,153,225,205 1
